map_in_world_pitch: 3.7489325202881822
map_in_world_roll: 2.0874550146835977
map_in_world_x: 525844.6662397959
map_in_world_y: 4316346.17492327
map_in_world_yaw: 119.62275434880718
map_in_world_z: -1.2129195168963633
